74
27
84
79
19
71
19
9
68
13
53
86
21
31
80
8
0
64
95
70
90
54
58
60
26
59
64
57
30
35
68
100
82
30
86
82
66
19
72
2
33
60
58
79
60
22
84
56
76
49
53
81
70
86
22
3
10
94
53
7
2
28
80
38
34
6
13
99
99
43
9
65
46
84
64
45
71
53
40
30
43
5
73
11
76
16
87
79
58
12
37
49
97
63
93
13
72
4
89
51
63
77
40
56
93
51
4
96
30
78
8
28
89
3
80
77
5
61
67
4
14
58
2
28
86
86
29
12
78
8
20
71
43
42
11
77
21
80
10
61
85
26
69
32
27
42
80
4
52
99
3
55
62
32
58
73
56
11
59
83
25
47
62
28
55
35
59
24
73
83
48
51
22
13
55
89
13
20
75
26
58
14
74
70
14
3
45
25
46
90
93
73
58
42
2
98
62
28
86
68
