147
54
167
157
39
142
39
19
137
27
106
171
43
62
159
16
0
128
189
139
179
108
117
121
52
118
128
115
61
71
135
199
164
61
171
164
133
38
144
4
66
120
116
158
120
44
167
113
152
98
106
163
139
171
45
6
20
188
106
15
5
57
160
75
68
13
27
197
198
87
19
130
91
167
128
89
142
106
80
60
85
10
145
22
151
33
174
157
115
24
75
99
194
125
186
26
144
9
178
103
126
154
81
112
186
103
9
192
61
157
17
57
178
7
161
155
10
123
134
9
28
116
4
56
171
172
58
24
155
16
40
142
86
85
22
153
43
160
20
121
170
53
139
64
54
84
160
9
104
197
7
110
124
65
116
146
111
22
117
165
50
95
124
57
110
71
118
48
145
165
96
102
44
26
110
178
26
41
150
53
116
29
148
141
28
7
91
50
93
180
186
145
116
85
4
196
124
56
172
136
75
81
179
106
144
154
19
36
160
89
27
8
190
153
60
197
76
82
130
191
18
26
6
11
185
133
139
81
40
2
120
101
90
1
1
87
58
83
137
91
11
106
129
154
138
37
126
114
199
147
56
77
190
71
130
150
82
76
139
35
88
1
81
26
132
192
121
69
6
10
130
120
6
145
21
71
102
133
176
50
66
149
78
125
130
52
56
120
138
70
89
48
0
34
59
97
97
183
196
73
184
100
125
190
66
184
148
39
66
156
121
107
81
140
190
111
55
79
19
151
136
69
116
98
48
184
89
153
153
116
123
106
160
161
26
76
87
137
124
81
11
24
25
9
15
149
35
80
200
41
30
79
119
161
8
127
130
100
45
87
102
136
17
193
126
174
71
122
72
108
80
61
133
45
33
35
109
94
11
107
188
53
160
137
43
141
88
57
98
107
86
106
2
31
47
58
194
59
50
162
